Time	Xa		Ya		Za				
0.037453184	-0.03	Ya=	-0.98	Za=	-0.07			0.037453184	1
0.074906367	-0.02	Ya=	-0.94	Za=	-0.09			0.037453184	2
0.112359551	-0.05	Ya=	-1	Za=	-0.09			0.037453184	3
0.149812734	-0.05	Ya=	-1.14	Za=	-0.09			0.037453184	4
0.187265918	-0.02	Ya=	-0.94	Za=	-0.09			0.037453184	5
0.224719101	-0.05	Ya=	-1	Za=	-0.09			0.037453184	6
0.262172285	-0.05	Ya=	-1.14	Za=	-0.09			0.037453184	7
0.299625468	-0.02	Ya=	-0.94	Za=	-0.09			0.037453184	8
0.337078652	-0.03	Ya=	-1.03	Za=	-0.02			0.037453184	9
0.374531835	-0.06	Ya=	-1.03	Za=	-0.02			0.037453184	10
0.411985019	-0.06	Ya=	-1.03	Za=	-0.02			0.037453184	11
0.449438202	-0.07	Ya=	-1.01	Za=	-0.09			0.037453184	12
0.486891386	-0.04	Ya=	-1	Za=	-0.03			0.037453184	13
0.524344569	0	Ya=	-0.99	Za=	-0.12			0.037453184	14
0.561797753	-0.02	Ya=	-0.96	Za=	-0.1			0.037453184	15
0.599250936	-0.04	Ya=	-1.02	Za=	-0.02			0.037453184	16
0.63670412	-0.05	Ya=	-1.09	Za=	-0.05			0.037453184	17
0.674157303	0	Ya=	-0.93	Za=	-0.07			0.037453184	18
0.711610487	-0.05	Ya=	-1.09	Za=	-0.04			0.037453184	19
0.74906367	-0.02	Ya=	-1.04	Za=	-0.06			0.037453184	20
0.786516854	-0.03	Ya=	-1.03	Za=	-0.06			0.037453184	21
0.823970037	-0.06	Ya=	-1.01	Za=	-0.02			0.037453184	22
0.861423221	-0.02	Ya=	-1	Za=	-0.07			0.037453184	23
0.898876404	-0.06	Ya=	-1.04	Za=	-0.03			0.037453184	24
0.936329588	-0.05	Ya=	-0.84	Za=	-0.04			0.037453184	25
0.973782772	-0.08	Ya=	-1.07	Za=	-0.04			0.037453184	26
1.011235955	-0.04	Ya=	-1.03	Za=	-0.05			0.037453184	27
1.048689139	-0.04	Ya=	-1.02	Za=	-0.05			0.037453184	28
1.086142322	-0.02	Ya=	-1.11	Za=	-0.03			0.037453184	29
1.123595506	-0.05	Ya=	-1.07	Za=	-0.04			0.037453184	30
1.161048689	-0.04	Ya=	-0.96	Za=	-0.04			0.037453184	31
1.198501873	-0.02	Ya=	-1	Za=	-0.1			0.037453184	32
1.235955056	-0.08	Ya=	-0.97	Za=	-0.09			0.037453184	33
1.27340824	-0.04	Ya=	-1.05	Za=	0			0.037453184	34
1.310861423	-0.07	Ya=	-0.94	Za=	-0.1			0.037453184	35
1.348314607	-0.05	Ya=	-0.96	Za=	-0.04			0.037453184	36
1.38576779	-0.06	Ya=	-1.04	Za=	-0.09			0.037453184	37
1.423220974	-0.03	Ya=	-0.98	Za=	-0.12			0.037453184	38
1.460674157	-0.02	Ya=	-1.1	Za=	-0.05			0.037453184	39
1.498127341	-0.05	Ya=	-0.97	Za=	-0.05			0.037453184	40
1.535580524	-0.04	Ya=	-1.03	Za=	-0.06			0.037453184	41
1.573033708	-0.06	Ya=	-0.98	Za=	-0.07			0.037453184	42
1.610486891	-0.07	Ya=	-0.99	Za=	-0.04			0.037453184	43
1.647940075	-0.07	Ya=	-0.96	Za=	-0.01			0.037453184	44
1.685393258	-0.03	Ya=	-1	Za=	-0.05			0.037453184	45
1.722846442	-0.07	Ya=	-1.02	Za=	-0.11			0.037453184	46
1.760299625	-0.04	Ya=	-1.04	Za=	-0.02			0.037453184	47
1.797752809	-0.04	Ya=	-1	Za=	-0.11			0.037453184	48
1.835205993	-0.07	Ya=	-0.9	Za=	-0.11			0.037453184	49
1.872659176	-0.09	Ya=	-1.03	Za=	0			0.037453184	50
1.91011236	-0.02	Ya=	-1.07	Za=	-0.05			0.037453184	51
1.947565543	-0.05	Ya=	-1.01	Za=	-0.05			0.037453184	52
1.985018727	-0.04	Ya=	-0.99	Za=	-0.06			0.037453184	53
2.02247191	-0.09	Ya=	-0.94	Za=	-0.09			0.037453184	54
2.059925094	-0.04	Ya=	-0.82	Za=	-0.04			0.037453184	55
2.097378277	-0.03	Ya=	-1.09	Za=	-0.08			0.037453184	56
2.134831461	-0.04	Ya=	-1.02	Za=	-0.03			0.037453184	57
2.172284644	-0.07	Ya=	-1.11	Za=	0.01			0.037453184	58
2.209737828	-0.04	Ya=	-1	Za=	-0.03			0.037453184	59
2.247191011	-0.06	Ya=	-1.07	Za=	-0.06			0.037453184	60
2.284644195	-0.06	Ya=	-1.01	Za=	-0.05			0.037453184	61
2.322097378	-0.04	Ya=	-0.89	Za=	-0.07			0.037453184	62
2.359550562	-0.02	Ya=	-1.03	Za=	-0.02			0.037453184	63
2.397003745	-0.05	Ya=	-1.08	Za=	-0.03			0.037453184	64
2.434456929	-0.05	Ya=	-1.04	Za=	0.04			0.037453184	65
2.471910112	-0.04	Ya=	-0.91	Za=	-0.11			0.037453184	66
2.509363296	-0.05	Ya=	-0.93	Za=	-0.07			0.037453184	67
2.546816479	-0.04	Ya=	-1.05	Za=	-0.06			0.037453184	68
2.584269663	-0.02	Ya=	-0.95	Za=	-0.04			0.037453184	69
2.621722846	-0.04	Ya=	-0.96	Za=	-0.05			0.037453184	70
2.65917603	-0.04	Ya=	-1.02	Za=	-0.06			0.037453184	71
2.696629213	-0.06	Ya=	-1.06	Za=	-0.03			0.037453184	72
2.734082397	0	Ya=	-0.92	Za=	-0.07			0.037453184	73
2.771535581	-0.02	Ya=	-1.06	Za=	-0.07			0.037453184	74
2.808988764	-0.02	Ya=	-1.07	Za=	-0.04			0.037453184	75
2.846441948	-0.04	Ya=	-1.05	Za=	-0.04			0.037453184	76
2.883895131	-0.03	Ya=	-1.14	Za=	-0.04			0.037453184	77
2.921348315	-0.06	Ya=	-1.12	Za=	0.05			0.037453184	78
2.958801498	-0.06	Ya=	-0.99	Za=	-0.05			0.037453184	79
2.996254682	-0.06	Ya=	-0.97	Za=	-0.06			0.037453184	80
3.033707865	-0.05	Ya=	-1.04	Za=	-0.09			0.037453184	81
3.071161049	-0.04	Ya=	-1.05	Za=	-0.03			0.037453184	82
3.108614232	-0.04	Ya=	-1	Za=	-0.02			0.037453184	83
3.146067416	-0.03	Ya=	-1.12	Za=	-0.01			0.037453184	84
3.183520599	-0.06	Ya=	-0.87	Za=	-0.1			0.037453184	85
3.220973783	-0.03	Ya=	-1.08	Za=	-0.03			0.037453184	86
3.258426966	-0.06	Ya=	-0.95	Za=	-0.05			0.037453184	87
3.29588015	-0.03	Ya=	-1.02	Za=	-0.07			0.037453184	88
3.333333333	-0.05	Ya=	-0.91	Za=	-0.11			0.037453184	89
3.370786517	-0.02	Ya=	-1.14	Za=	-0.01			0.037453184	90
3.4082397	-0.02	Ya=	-0.96	Za=	-0.12			0.037453184	91
3.445692884	-0.04	Ya=	-0.98	Za=	-0.07			0.037453184	92
3.483146067	-0.02	Ya=	-1.16	Za=	-0.03			0.037453184	93
3.520599251	-0.04	Ya=	-0.94	Za=	-0.05			0.037453184	94
3.558052434	-0.05	Ya=	-1	Za=	-0.08			0.037453184	95
3.595505618	-0.05	Ya=	-1.08	Za=	-0.06			0.037453184	96
3.632958801	-0.03	Ya=	-1.08	Za=	-0.06			0.037453184	97
3.670411985	-0.05	Ya=	-1.06	Za=	0			0.037453184	98
3.707865169	-0.05	Ya=	-1	Za=	-0.02			0.037453184	99
3.745318352	-0.04	Ya=	-0.94	Za=	-0.07			0.037453184	100
3.782771536	-0.07	Ya=	-0.98	Za=	-0.04			0.037453184	101
3.820224719	-0.06	Ya=	-0.91	Za=	-0.07			0.037453184	102
3.857677903	-0.05	Ya=	-0.99	Za=	-0.05			0.037453184	103
3.895131086	-0.03	Ya=	-0.97	Za=	-0.02			0.037453184	104
3.93258427	-0.04	Ya=	-1.04	Za=	-0.06			0.037453184	105
3.970037453	-0.04	Ya=	-1.02	Za=	-0.08			0.037453184	106
4.007490637	-0.09	Ya=	-0.95	Za=	-0.06			0.037453184	107
4.04494382	-0.05	Ya=	-0.96	Za=	-0.05			0.037453184	108
4.082397004	-0.02	Ya=	-1	Za=	-0.12			0.037453184	109
4.119850187	-0.03	Ya=	-0.89	Za=	-0.05			0.037453184	110
4.157303371	-0.06	Ya=	-1.01	Za=	-0.01			0.037453184	111
4.194756554	-0.07	Ya=	-1.04	Za=	-0.08			0.037453184	112
4.232209738	-0.04	Ya=	-1	Za=	0.02			0.037453184	113
4.269662921	-0.03	Ya=	-0.91	Za=	-0.11			0.037453184	114
4.307116105	-0.04	Ya=	-1.2	Za=	0.02			0.037453184	115
4.344569288	-0.08	Ya=	-1.09	Za=	0			0.037453184	116
4.382022472	-0.05	Ya=	-1.01	Za=	-0.09			0.037453184	117
4.419475655	-0.02	Ya=	-0.91	Za=	-0.1			0.037453184	118
4.456928839	-0.07	Ya=	-0.98	Za=	-0.08			0.037453184	119
4.494382022	-0.05	Ya=	-0.98	Za=	-0.01			0.037453184	120
4.531835206	-0.05	Ya=	-1.01	Za=	-0.03			0.037453184	121
4.56928839	-0.04	Ya=	-0.93	Za=	-0.08			0.037453184	122
4.606741573	-0.03	Ya=	-1	Za=	-0.04			0.037453184	123
4.644194757	-0.06	Ya=	-0.9	Za=	-0.11			0.037453184	124
4.68164794	-0.01	Ya=	-1.03	Za=	-0.05			0.037453184	125
4.719101124	-0.03	Ya=	-1.06	Za=	-0.03			0.037453184	126
4.756554307	-0.04	Ya=	-0.87	Za=	-0.09			0.037453184	127
4.794007491	-0.01	Ya=	-1.03	Za=	-0.06			0.037453184	128
4.831460674	-0.04	Ya=	-1.05	Za=	-0.06			0.037453184	129
4.868913858	-0.05	Ya=	-1.01	Za=	-0.07			0.037453184	130
4.906367041	-0.07	Ya=	-1.08	Za=	-0.08			0.037453184	131
4.943820225	-0.08	Ya=	-0.9	Za=	0.02			0.037453184	132
4.981273408	-0.03	Ya=	-0.89	Za=	-0.11			0.037453184	133
5.018726592	-0.07	Ya=	-0.97	Za=	-0.05			0.037453184	134
5.056179775	-0.04	Ya=	-0.92	Za=	-0.05			0.037453184	135
5.093632959	-0.05	Ya=	-0.96	Za=	-0.05			0.037453184	136
5.131086142	-0.05	Ya=	-1.05	Za=	0			0.037453184	137
5.168539326	-0.05	Ya=	-0.97	Za=	-0.13			0.037453184	138
5.205992509	-0.03	Ya=	-0.97	Za=	-0.09			0.037453184	139
5.243445693	-0.04	Ya=	-1.09	Za=	-0.05			0.037453184	140
5.280898876	-0.07	Ya=	-0.97	Za=	-0.11			0.037453184	141
5.31835206	-0.04	Ya=	-1.11	Za=	0.04			0.037453184	142
5.355805243	-0.04	Ya=	-0.98	Za=	-0.04			0.037453184	143
5.393258427	-0.03	Ya=	-1.01	Za=	-0.02			0.037453184	144
5.43071161	-0.04	Ya=	-0.97	Za=	-0.05			0.037453184	145
5.468164794	-0.04	Ya=	-0.96	Za=	-0.11			0.037453184	146
5.505617978	-0.04	Ya=	-0.99	Za=	-0.05			0.037453184	147
5.543071161	-0.07	Ya=	-1.04	Za=	-0.02			0.037453184	148
5.580524345	-0.04	Ya=	-0.95	Za=	-0.09			0.037453184	149
5.617977528	0	Ya=	-1.02	Za=	-0.06			0.037453184	150
5.655430712	-0.04	Ya=	-1.01	Za=	-0.06			0.037453184	151
5.692883895	-0.02	Ya=	-0.98	Za=	0			0.037453184	152
5.730337079	-0.03	Ya=	-0.96	Za=	-0.07			0.037453184	153
5.767790262	-0.07	Ya=	-1.05	Za=	-0.04			0.037453184	154
5.805243446	-0.06	Ya=	-1.05	Za=	-0.04			0.037453184	155
5.842696629	-0.05	Ya=	-1.07	Za=	-0.03			0.037453184	156
5.880149813	-0.06	Ya=	-1.01	Za=	-0.02			0.037453184	157
5.917602996	-0.06	Ya=	-0.93	Za=	-0.08			0.037453184	158
5.95505618	-0.05	Ya=	-1.08	Za=	0			0.037453184	159
5.992509363	-0.03	Ya=	-0.96	Za=	-0.04			0.037453184	160
6.029962547	-0.05	Ya=	-1.05	Za=	-0.07			0.037453184	161
6.06741573	-0.06	Ya=	-0.94	Za=	-0.09			0.037453184	162
6.104868914	-0.05	Ya=	-1.04	Za=	-0.06			0.037453184	163
6.142322097	-0.04	Ya=	-0.92	Za=	-0.07			0.037453184	164
6.179775281	-0.07	Ya=	-1.04	Za=	0.01			0.037453184	165
6.217228464	-0.02	Ya=	-0.97	Za=	-0.04			0.037453184	166
6.254681648	-0.06	Ya=	-0.97	Za=	-0.06			0.037453184	167
6.292134831	-0.04	Ya=	-1.14	Za=	-0.06			0.037453184	168
6.329588015	-0.03	Ya=	-1.09	Za=	-0.07			0.037453184	169
6.367041199	-0.05	Ya=	-0.96	Za=	-0.04			0.037453184	170
6.404494382	-0.07	Ya=	-1.06	Za=	-0.07			0.037453184	171
6.441947566	-0.06	Ya=	-0.99	Za=	-0.02			0.037453184	172
6.479400749	-0.02	Ya=	-1.02	Za=	-0.06			0.037453184	173
6.516853933	-0.03	Ya=	-1.02	Za=	-0.05			0.037453184	174
6.554307116	-0.05	Ya=	-1.13	Za=	-0.02			0.037453184	175
6.5917603	-0.06	Ya=	-0.88	Za=	-0.09			0.037453184	176
6.629213483	-0.01	Ya=	-1.05	Za=	-0.08			0.037453184	177
6.666666667	-0.02	Ya=	-1	Za=	-0.07			0.037453184	178
6.70411985	-0.07	Ya=	-1.08	Za=	-0.02			0.037453184	179
6.741573034	-0.06	Ya=	-0.97	Za=	-0.07			0.037453184	180
6.779026217	-0.05	Ya=	-0.98	Za=	-0.11			0.037453184	181
6.816479401	-0.06	Ya=	-1.08	Za=	-0.01			0.037453184	182
6.853932584	-0.05	Ya=	-0.93	Za=	-0.09			0.037453184	183
6.891385768	-0.04	Ya=	-1.1	Za=	-0.04			0.037453184	184
6.928838951	-0.04	Ya=	-0.96	Za=	-0.07			0.037453184	185
6.966292135	-0.06	Ya=	-0.98	Za=	-0.1			0.037453184	186
7.003745318	-0.04	Ya=	-1.05	Za=	-0.07			0.037453184	187
7.041198502	-0.05	Ya=	-0.98	Za=	-0.08			0.037453184	188
7.078651685	-0.04	Ya=	-1.05	Za=	-0.02			0.037453184	189
7.116104869	-0.03	Ya=	-1.07	Za=	-0.05			0.037453184	190
7.153558052	-0.04	Ya=	-0.98	Za=	-0.05			0.037453184	191
7.191011236	-0.03	Ya=	-0.96	Za=	-0.09			0.037453184	192
7.228464419	-0.06	Ya=	-0.89	Za=	-0.11			0.037453184	193
7.265917603	-0.02	Ya=	-1.1	Za=	0.01			0.037453184	194
7.303370787	-0.07	Ya=	-0.99	Za=	-0.05			0.037453184	195
7.34082397	-0.04	Ya=	-1.06	Za=	-0.03			0.037453184	196
7.378277154	-0.03	Ya=	-1	Za=	-0.04			0.037453184	197
7.415730337	-0.08	Ya=	-1.08	Za=	-0.08			0.037453184	198
7.453183521	-0.03	Ya=	-1.1	Za=	-0.04			0.037453184	199
7.490636704	-0.07	Ya=	-1.02	Za=	-0.04			0.037453184	200
7.528089888	-0.04	Ya=	-0.88	Za=	-0.1			0.037453184	201
7.565543071	-0.05	Ya=	-1.12	Za=	0			0.037453184	202
7.602996255	-0.03	Ya=	-0.96	Za=	-0.11			0.037453184	203
7.640449438	-0.03	Ya=	-1.12	Za=	-0.05			0.037453184	204
7.677902622	-0.07	Ya=	-1.09	Za=	-0.05			0.037453184	205
7.715355805	-0.06	Ya=	-0.92	Za=	-0.03			0.037453184	206
7.752808989	-0.05	Ya=	-1.04	Za=	0.01			0.037453184	207
7.790262172	-0.02	Ya=	-1.09	Za=	-0.07			0.037453184	208
7.827715356	-0.06	Ya=	-1	Za=	-0.02			0.037453184	209
7.865168539	-0.04	Ya=	-0.95	Za=	-0.15			0.037453184	210
7.902621723	-0.04	Ya=	-1.09	Za=	-0.05			0.037453184	211
7.940074906	-0.06	Ya=	-1.1	Za=	-0.02			0.037453184	212
7.97752809	-0.03	Ya=	-0.91	Za=	-0.06			0.037453184	213
8.014981273	-0.04	Ya=	-0.96	Za=	-0.05			0.037453184	214
8.052434457	-0.05	Ya=	-0.99	Za=	-0.05			0.037453184	215
8.08988764	-0.04	Ya=	-0.94	Za=	-0.05			0.037453184	216
8.127340824	-0.05	Ya=	-0.93	Za=	-0.03			0.037453184	217
8.164794007	-0.05	Ya=	-1.02	Za=	-0.03			0.037453184	218
8.202247191	-0.03	Ya=	-0.88	Za=	-0.07			0.037453184	219
8.239700375	-0.04	Ya=	-1	Za=	-0.02			0.037453184	220
8.277153558	-0.04	Ya=	-1.01	Za=	-0.05			0.037453184	221
8.314606742	-0.05	Ya=	-1.02	Za=	-0.02			0.037453184	222
8.352059925	-0.03	Ya=	-1.07	Za=	-0.13			0.037453184	223
8.389513109	0	Ya=	-1.13	Za=	0			0.037453184	224
8.426966292	-0.04	Ya=	-1.02	Za=	-0.02			0.037453184	225
8.464419476	-0.04	Ya=	-1	Za=	-0.11			0.037453184	226
8.501872659	-0.05	Ya=	-1.04	Za=	-0.02			0.037453184	227
8.539325843	-0.04	Ya=	-0.94	Za=	-0.08			0.037453184	228
8.576779026	-0.02	Ya=	-1.01	Za=	-0.08			0.037453184	229
8.61423221	-0.05	Ya=	-0.95	Za=	-0.06			0.037453184	230
8.651685393	-0.07	Ya=	-1.06	Za=	-0.01			0.037453184	231
8.689138577	-0.07	Ya=	-0.98	Za=	-0.11			0.037453184	232
8.72659176	-0.06	Ya=	-0.91	Za=	-0.01			0.037453184	233
8.764044944	-0.04	Ya=	-1.06	Za=	-0.02			0.037453184	234
8.801498127	-0.03	Ya=	-1	Za=	-0.05			0.037453184	235
8.838951311	-0.04	Ya=	-1.07	Za=	-0.02			0.037453184	236
8.876404494	-0.05	Ya=	-1.05	Za=	-0.05			0.037453184	237
8.913857678	-0.04	Ya=	-1	Za=	-0.04			0.037453184	238
8.951310861	-0.01	Ya=	-1.04	Za=	-0.05			0.037453184	239
8.988764045	-0.02	Ya=	-1.07	Za=	-0.04			0.037453184	240
9.026217228	-0.04	Ya=	-0.89	Za=	-0.05			0.037453184	241
9.063670412	-0.04	Ya=	-0.92	Za=	-0.07			0.037453184	242
9.101123596	-0.04	Ya=	-1.07	Za=	-0.03			0.037453184	243
9.138576779	-0.05	Ya=	-0.95	Za=	-0.08			0.037453184	244
9.176029963	-0.03	Ya=	-1.12	Za=	-0.09			0.037453184	245
9.213483146	-0.06	Ya=	-0.99	Za=	-0.09			0.037453184	246
9.25093633	0.01	Ya=	-1.01	Za=	-0.05			0.037453184	247
9.288389513	-0.06	Ya=	-1.05	Za=	-0.1			0.037453184	248
9.325842697	-0.05	Ya=	-1	Za=	-0.08			0.037453184	249
9.36329588	-0.03	Ya=	-1.16	Za=	0			0.037453184	250
9.400749064	-0.04	Ya=	-1.03	Za=	-0.07			0.037453184	251
9.438202247	-0.05	Ya=	-1.04	Za=	-0.07			0.037453184	252
9.475655431	-0.05	Ya=	-1.02	Za=	-0.05			0.037453184	253
9.513108614	-0.02	Ya=	-0.86	Za=	-0.09			0.037453184	254
9.550561798	-0.05	Ya=	-1.17	Za=	0			0.037453184	255
9.588014981	-0.04	Ya=	-0.98	Za=	0.02			0.037453184	256
9.625468165	-0.04	Ya=	-1.1	Za=	-0.06			0.037453184	257
9.662921348	-0.04	Ya=	-0.94	Za=	-0.03			0.037453184	258
9.700374532	-0.06	Ya=	-0.92	Za=	-0.11			0.037453184	259
9.737827715	-0.05	Ya=	-1.07	Za=	-0.02			0.037453184	260
9.775280899	-0.04	Ya=	-0.98	Za=	-0.04			0.037453184	261
9.812734082	-0.03	Ya=	-1.02	Za=	-0.05			0.037453184	262
9.850187266	-0.04	Ya=	-0.98	Za=	-0.07			0.037453184	263
9.887640449	-0.05	Ya=	-0.86	Za=	-0.02			0.037453184	264
9.925093633	-0.05	Ya=	-1.02	Za=	-0.09			0.037453184	265
9.962546816	-0.06	Ya=	-1	Za=	0			0.037453184	266
10	-0.05	Ya=	-0.9	Za=	-0.11			0.037453184	267
10.03745318	-0.04	Ya=	-1.11	Za=	-0.05			0.037453184	268
10.07490637	-0.03	Ya=	-1.12	Za=	-0.04			0.037453184	269
10.11235955	-0.03	Ya=	-0.93	Za=	-0.12			0.037453184	270
10.14981273	-0.05	Ya=	-1.03	Za=	0			0.037453184	271
10.18726592	-0.05	Ya=	-1.09	Za=	-0.04			0.037453184	272
10.2247191	-0.05	Ya=	-1.01	Za=	-0.09			0.037453184	273
10.26217228	-0.04	Ya=	-0.99	Za=	-0.05			0.037453184	274
10.29962547	-0.02	Ya=	-1.05	Za=	-0.11			0.037453184	275
10.33707865	-0.06	Ya=	-1.09	Za=	-0.03			0.037453184	276
10.37453184	0	Ya=	-1.01	Za=	-0.04			0.037453184	277
10.41198502	-0.04	Ya=	-1.05	Za=	-0.07			0.037453184	278
10.4494382	-0.07	Ya=	-0.99	Za=	-0.01			0.037453184	279
10.48689139	-0.06	Ya=	-0.99	Za=	-0.11			0.037453184	280
10.52434457	-0.03	Ya=	-0.91	Za=	-0.05			0.037453184	281
10.56179775	-0.04	Ya=	-1.05	Za=	-0.09			0.037453184	282
10.59925094	-0.02	Ya=	-1.04	Za=	-0.05			0.037453184	283
10.63670412	-0.08	Ya=	-0.98	Za=	-0.07			0.037453184	284
10.6741573	-0.06	Ya=	-1	Za=	-0.05			0.037453184	285
10.71161049	-0.05	Ya=	-0.94	Za=	0			0.037453184	286
10.74906367	-0.06	Ya=	-1.11	Za=	-0.07			0.037453184	287
10.78651685	-0.04	Ya=	-1	Za=	-0.03			0.037453184	288
10.82397004	-0.03	Ya=	-0.93	Za=	-0.08			0.037453184	289
10.86142322	-0.06	Ya=	-1.14	Za=	-0.09			0.037453184	290
10.8988764	-0.05	Ya=	-0.96	Za=	-0.05			0.037453184	291
10.93632959	-0.03	Ya=	-1.01	Za=	-0.05			0.037453184	292
10.97378277	-0.05	Ya=	-0.96	Za=	-0.03			0.037453184	293
11.01123596	-0.05	Ya=	-0.98	Za=	-0.04			0.037453184	294
11.04868914	-0.06	Ya=	-0.9	Za=	-0.11			0.037453184	295
11.08614232	-0.05	Ya=	-1.06	Za=	0.02			0.037453184	296
11.12359551	-0.02	Ya=	-1.02	Za=	-0.07			0.037453184	297
11.16104869	-0.05	Ya=	-1.04	Za=	-0.11			0.037453184	298
11.19850187	-0.06	Ya=	-0.97	Za=	-0.08			0.037453184	299
11.23595506	-0.04	Ya=	-1.1	Za=	-0.05			0.037453184	300
11.27340824	-0.04	Ya=	-1.11	Za=	-0.08			0.037453184	301
11.31086142	-0.03	Ya=	-0.98	Za=	-0.09			0.037453184	302
11.34831461	-0.04	Ya=	-1.04	Za=	-0.01			0.037453184	303
11.38576779	-0.04	Ya=	-0.98	Za=	-0.09			0.037453184	304
11.42322097	-0.08	Ya=	-1.03	Za=	-0.02			0.037453184	305
11.46067416	-0.03	Ya=	-0.99	Za=	0.01			0.037453184	306
11.49812734	-0.02	Ya=	-0.88	Za=	-0.11			0.037453184	307
11.53558052	-0.02	Ya=	-1.05	Za=	-0.09			0.037453184	308
11.57303371	-0.03	Ya=	-1	Za=	-0.08			0.037453184	309
11.61048689	-0.04	Ya=	-1.03	Za=	-0.02			0.037453184	310
11.64794007	-0.03	Ya=	-1.03	Za=	-0.05			0.037453184	311
11.68539326	-0.05	Ya=	-1.05	Za=	-0.05			0.037453184	312
11.72284644	-0.04	Ya=	-0.93	Za=	-0.12			0.037453184	313
11.76029963	-0.06	Ya=	-1.14	Za=	0.04			0.037453184	314
11.79775281	-0.08	Ya=	-1.05	Za=	0			0.037453184	315
11.83520599	-0.03	Ya=	-0.96	Za=	-0.1			0.037453184	316
11.87265918	-0.05	Ya=	-0.96	Za=	-0.07			0.037453184	317
11.91011236	-0.05	Ya=	-1	Za=	-0.07			0.037453184	318
11.94756554	-0.06	Ya=	-0.88	Za=	-0.11			0.037453184	319
11.98501873	-0.05	Ya=	-1.1	Za=	-0.02			0.037453184	320
12.02247191	-0.05	Ya=	-1.02	Za=	-0.08			0.037453184	321
12.05992509	-0.04	Ya=	-1.01	Za=	-0.07			0.037453184	322
12.09737828	-0.04	Ya=	-0.89	Za=	-0.05			0.037453184	323
12.13483146	-0.07	Ya=	-1.01	Za=	-0.09			0.037453184	324
12.17228464	-0.06	Ya=	-0.95	Za=	-0.03			0.037453184	325
12.20973783	-0.06	Ya=	-1.12	Za=	0			0.037453184	326
12.24719101	-0.07	Ya=	-1.02	Za=	-0.05			0.037453184	327
12.28464419	-0.03	Ya=	-0.98	Za=	-0.03			0.037453184	328
12.32209738	-0.07	Ya=	-1.12	Za=	-0.05			0.037453184	329
12.35955056	-0.01	Ya=	-1.1	Za=	-0.07			0.037453184	330
12.39700375	-0.07	Ya=	-0.88	Za=	-0.04			0.037453184	331
12.43445693	-0.04	Ya=	-1.08	Za=	-0.02			0.037453184	332
12.47191011	-0.07	Ya=	-1	Za=	0			0.037453184	333
12.5093633	-0.07	Ya=	-1.01	Za=	-0.04			0.037453184	334
12.54681648	-0.03	Ya=	-1.04	Za=	-0.09			0.037453184	335
12.58426966	-0.05	Ya=	-0.86	Za=	-0.12			0.037453184	336
12.62172285	-0.04	Ya=	-0.95	Za=	-0.1			0.037453184	337
12.65917603	-0.06	Ya=	-1.2	Za=	-0.03			0.037453184	338
12.69662921	-0.06	Ya=	-0.91	Za=	-0.09			0.037453184	339
12.7340824	-0.02	Ya=	-1.1	Za=	-0.06			0.037453184	340
12.77153558	-0.02	Ya=	-1.08	Za=	-0.07			0.037453184	341
12.80898876	0	Ya=	-1.03	Za=	-0.09			0.037453184	342
12.84644195	-0.05	Ya=	-1.02	Za=	-0.06			0.037453184	343
12.88389513	-0.03	Ya=	-0.97	Za=	-0.03			0.037453184	344
12.92134831	-0.07	Ya=	-1.02	Za=	-0.1			0.037453184	345
12.9588015	-0.05	Ya=	-0.97	Za=	-0.08			0.037453184	346
12.99625468	-0.05	Ya=	-1.07	Za=	-0.04			0.037453184	347
13.03370787	-0.03	Ya=	-1.04	Za=	-0.11			0.037453184	348
13.07116105	-0.07	Ya=	-1.04	Za=	-0.08			0.037453184	349
13.10861423	-0.01	Ya=	-1.1	Za=	-0.07			0.037453184	350
13.14606742	-0.04	Ya=	-1.02	Za=	-0.03			0.037453184	351
13.1835206	-0.05	Ya=	-1.03	Za=	-0.07			0.037453184	352
13.22097378	-0.02	Ya=	-1.06	Za=	-0.11			0.037453184	353
13.25842697	-0.05	Ya=	-0.98	Za=	-0.03			0.037453184	354
13.29588015	-0.03	Ya=	-0.94	Za=	-0.02			0.037453184	355
13.33333333	-0.02	Ya=	-1.17	Za=	-0.03			0.037453184	356
13.37078652	-0.04	Ya=	-1.04	Za=	-0.07			0.037453184	357
13.4082397	-0.04	Ya=	-1.09	Za=	-0.02			0.037453184	358
13.44569288	-0.05	Ya=	-1.11	Za=	-0.09			0.037453184	359
13.48314607	-0.02	Ya=	-0.96	Za=	-0.05			0.037453184	360
13.52059925	-0.04	Ya=	-0.98	Za=	-0.11			0.037453184	361
13.55805243	-0.06	Ya=	-0.98	Za=	-0.03			0.037453184	362
13.59550562	-0.04	Ya=	-1.14	Za=	-0.04			0.037453184	363
13.6329588	-0.05	Ya=	-0.99	Za=	-0.05			0.037453184	364
13.67041199	-0.04	Ya=	-0.99	Za=	-0.04			0.037453184	365
13.70786517	-0.02	Ya=	-1.06	Za=	-0.07			0.037453184	366
13.74531835	-0.04	Ya=	-1.07	Za=	-0.02			0.037453184	367
13.78277154	-0.05	Ya=	-1	Za=	-0.07			0.037453184	368
13.82022472	-0.05	Ya=	-0.93	Za=	-0.06			0.037453184	369
13.8576779	-0.02	Ya=	-1.05	Za=	-0.07			0.037453184	370
13.89513109	-0.04	Ya=	-1.1	Za=	-0.07			0.037453184	371
13.93258427	-0.07	Ya=	-0.92	Za=	-0.05			0.037453184	372
13.97003745	-0.04	Ya=	-1.11	Za=	-0.04			0.037453184	373
14.00749064	-0.06	Ya=	-0.88	Za=	-0.08			0.037453184	374
14.04494382	-0.01	Ya=	-1.1	Za=	-0.03			0.037453184	375
14.082397	-0.03	Ya=	-0.92	Za=	-0.06			0.037453184	376
14.11985019	-0.02	Ya=	-0.97	Za=	-0.02			0.037453184	377
14.15730337	-0.05	Ya=	-1.02	Za=	-0.04			0.037453184	378
14.19475655	-0.05	Ya=	-1.02	Za=	-0.05			0.037453184	379
14.23220974	-0.04	Ya=	-1.03	Za=	0.02			0.037453184	380
14.26966292	-0.05	Ya=	-1.01	Za=	0.01			0.037453184	381
14.3071161	-0.03	Ya=	-0.97	Za=	-0.05			0.037453184	382
14.34456929	-0.01	Ya=	-1.09	Za=	-0.02			0.037453184	383
14.38202247	-0.06	Ya=	-0.87	Za=	-0.11			0.037453184	384
14.41947566	0	Ya=	-1.09	Za=	-0.06			0.037453184	385
14.45692884	-0.05	Ya=	-1.04	Za=	-0.09			0.037453184	386
14.49438202	-0.02	Ya=	-0.98	Za=	-0.08			0.037453184	387
14.53183521	-0.01	Ya=	-1.07	Za=	-0.03			0.037453184	388
14.56928839	-0.04	Ya=	-1.01	Za=	-0.06			0.037453184	389
14.60674157	-0.07	Ya=	-1.05	Za=	-0.07			0.037453184	390
14.64419476	-0.06	Ya=	-1.02	Za=	-0.05			0.037453184	391
14.68164794	-0.03	Ya=	-0.95	Za=	-0.05			0.037453184	392
14.71910112	-0.06	Ya=	-1	Za=	-0.03			0.037453184	393
14.75655431	-0.04	Ya=	-1.07	Za=	-0.1			0.037453184	394
14.79400749	-0.03	Ya=	-1.05	Za=	-0.05			0.037453184	395
14.83146067	-0.05	Ya=	-1.07	Za=	-0.04			0.037453184	396
14.86891386	-0.02	Ya=	-1.07	Za=	-0.07			0.037453184	397
14.90636704	-0.06	Ya=	-0.97	Za=	0			0.037453184	398
14.94382022	-0.04	Ya=	-1.05	Za=	-0.02			0.037453184	399
14.98127341	-0.02	Ya=	-1.02	Za=	-0.05			0.037453184	400
15.01872659	-0.03	Ya=	-1	Za=	-0.06			0.037453184	401
15.05617978	-0.04	Ya=	-1.04	Za=	-0.03			0.037453184	402
15.09363296	-0.05	Ya=	-1.04	Za=	-0.07			0.037453184	403
15.13108614	-0.04	Ya=	-0.91	Za=	-0.05			0.037453184	404
15.16853933	-0.05	Ya=	-1.02	Za=	-0.13			0.037453184	405
15.20599251	-0.06	Ya=	-0.99	Za=	-0.01			0.037453184	406
15.24344569	-0.04	Ya=	-1	Za=	-0.04			0.037453184	407
15.28089888	-0.04	Ya=	-0.98	Za=	-0.03			0.037453184	408
15.31835206	-0.02	Ya=	-1.04	Za=	-0.03			0.037453184	409
15.35580524	-0.03	Ya=	-1.07	Za=	-0.05			0.037453184	410
15.39325843	-0.04	Ya=	-1.01	Za=	-0.05			0.037453184	411
15.43071161	-0.04	Ya=	-1	Za=	-0.1			0.037453184	412
15.46816479	-0.05	Ya=	-1.11	Za=	0.02			0.037453184	413
15.50561798	-0.04	Ya=	-0.96	Za=	0.02			0.037453184	414
15.54307116	-0.04	Ya=	-1.11	Za=	-0.05			0.037453184	415
15.58052434	-0.04	Ya=	-0.99	Za=	-0.02			0.037453184	416
15.61797753	-0.04	Ya=	-0.87	Za=	-0.15			0.037453184	417
15.65543071	-0.06	Ya=	-0.96	Za=	-0.02			0.037453184	418
15.6928839	-0.04	Ya=	-1.05	Za=	-0.1			0.037453184	419
15.73033708	-0.01	Ya=	-1.07	Za=	-0.02			0.037453184	420
15.76779026	-0.04	Ya=	-1.05	Za=	0			0.037453184	421
15.80524345	0	Ya=	-0.97	Za=	-0.12			0.037453184	422
15.84269663	-0.06	Ya=	-0.96	Za=	-0.05			0.037453184	423
15.88014981	-0.05	Ya=	-1.03	Za=	-0.08			0.037453184	424
15.917603	-0.06	Ya=	-1.03	Za=	-0.05			0.037453184	425
15.95505618	-0.05	Ya=	-0.9	Za=	-0.07			0.037453184	426
15.99250936	-0.07	Ya=	-0.91	Za=	-0.09			0.037453184	427
16.02996255	-0.04	Ya=	-1.04	Za=	-0.04			0.037453184	428
16.06741573	-0.03	Ya=	-1.07	Za=	-0.07			0.037453184	429
16.10486891	-0.05	Ya=	-0.96	Za=	-0.08			0.037453184	430
16.1423221	-0.05	Ya=	-0.96	Za=	-0.03			0.037453184	431
16.17977528	-0.06	Ya=	-1.07	Za=	-0.07			0.037453184	432
16.21722846	-0.04	Ya=	-1.07	Za=	-0.06			0.037453184	433
16.25468165	-0.05	Ya=	-0.95	Za=	-0.1			0.037453184	434
16.29213483	-0.04	Ya=	-1.03	Za=	-0.05			0.037453184	435
16.32958801	-0.02	Ya=	-1.05	Za=	-0.05			0.037453184	436
16.3670412	-0.05	Ya=	-0.88	Za=	-0.05			0.037453184	437
16.40449438	-0.06	Ya=	-1.03	Za=	-0.03			0.037453184	438
16.44194757	-0.06	Ya=	-1.08	Za=	-0.05			0.037453184	439
16.47940075	-0.05	Ya=	-0.94	Za=	-0.07			0.037453184	440
16.51685393	-0.04	Ya=	-1.04	Za=	-0.07			0.037453184	441
16.55430712	-0.04	Ya=	-0.98	Za=	-0.03			0.037453184	442
16.5917603	-0.02	Ya=	-1.03	Za=	-0.04			0.037453184	443
16.62921348	-0.04	Ya=	-1.02	Za=	-0.03			0.037453184	444
16.66666667	-0.04	Ya=	-1	Za=	-0.06			0.037453184	445
16.70411985	-0.04	Ya=	-0.9	Za=	-0.04			0.037453184	446
16.74157303	-0.06	Ya=	-0.89	Za=	-0.09			0.037453184	447
16.77902622	-0.02	Ya=	-1.01	Za=	-0.1			0.037453184	448
16.8164794	-0.06	Ya=	-0.93	Za=	-0.01			0.037453184	449
16.85393258	-0.05	Ya=	-1	Za=	-0.04			0.037453184	450
16.89138577	-0.02	Ya=	-1.08	Za=	-0.05			0.037453184	451
16.92883895	-0.07	Ya=	-1.03	Za=	-0.08			0.037453184	452
16.96629213	-0.05	Ya=	-0.91	Za=	-0.06			0.037453184	453
17.00374532	-0.06	Ya=	-0.92	Za=	-0.08			0.037453184	454
17.0411985	-0.04	Ya=	-1	Za=	-0.09			0.037453184	455
17.07865169	-0.07	Ya=	-1	Za=	-0.07			0.037453184	456
17.11610487	-0.07	Ya=	-0.91	Za=	-0.1			0.037453184	457
17.15355805	-0.04	Ya=	-1.04	Za=	-0.06			0.037453184	458
17.19101124	-0.02	Ya=	-1.01	Za=	-0.08			0.037453184	459
17.22846442	-0.04	Ya=	-0.97	Za=	-0.05			0.037453184	460
17.2659176	-0.07	Ya=	-0.82	Za=	-0.05			0.037453184	461
17.30337079	-0.04	Ya=	-1.14	Za=	-0.07			0.037453184	462
17.34082397	-0.05	Ya=	-1.07	Za=	-0.06			0.037453184	463
17.37827715	-0.07	Ya=	-1	Za=	-0.11			0.037453184	464
17.41573034	-0.06	Ya=	-0.96	Za=	-0.09			0.037453184	465
17.45318352	-0.04	Ya=	-0.96	Za=	-0.05			0.037453184	466
17.4906367	-0.03	Ya=	-1.01	Za=	0			0.037453184	467
17.52808989	-0.02	Ya=	-0.94	Za=	-0.07			0.037453184	468
17.56554307	-0.04	Ya=	-1.01	Za=	-0.05			0.037453184	469
17.60299625	-0.05	Ya=	-0.95	Za=	-0.05			0.037453184	470
17.64044944	-0.04	Ya=	-1.15	Za=	-0.09			0.037453184	471
17.67790262	-0.02	Ya=	-1	Za=	-0.02			0.037453184	472
17.71535581	-0.04	Ya=	-0.97	Za=	-0.11			0.037453184	473
17.75280899	-0.05	Ya=	-0.94	Za=	-0.04			0.037453184	474
17.79026217	-0.06	Ya=	-0.95	Za=	-0.05			0.037453184	475
17.82771536	-0.06	Ya=	-1.04	Za=	-0.04			0.037453184	476
17.86516854	-0.07	Ya=	-1.01	Za=	-0.07			0.037453184	477
17.90262172	-0.01	Ya=	-1	Za=	-0.09			0.037453184	478
17.94007491	-0.04	Ya=	-1.03	Za=	-0.02			0.037453184	479
17.97752809	-0.01	Ya=	-0.86	Za=	-0.1			0.037453184	480
18.01498127	-0.06	Ya=	-1.07	Za=	-0.06			0.037453184	481
18.05243446	-0.08	Ya=	-0.98	Za=	-0.07			0.037453184	482
18.08988764	-0.04	Ya=	-1.04	Za=	-0.07			0.037453184	483
18.12734082	-0.05	Ya=	-0.95	Za=	-0.04			0.037453184	484
18.16479401	-0.03	Ya=	-0.98	Za=	-0.07			0.037453184	485
18.20224719	-0.03	Ya=	-0.95	Za=	-0.05			0.037453184	486
18.23970037	-0.02	Ya=	-0.99	Za=	-0.07			0.037453184	487
18.27715356	-0.07	Ya=	-0.91	Za=	-0.11			0.037453184	488
18.31460674	-0.03	Ya=	-1.09	Za=	-0.04			0.037453184	489
18.35205993	-0.07	Ya=	-1.06	Za=	-0.09			0.037453184	490
18.38951311	-0.05	Ya=	-0.9	Za=	-0.08			0.037453184	491
18.42696629	0.01	Ya=	-1.07	Za=	-0.07			0.037453184	492
18.46441948	-0.03	Ya=	-0.95	Za=	-0.07			0.037453184	493
18.50187266	-0.02	Ya=	-1.1	Za=	-0.09			0.037453184	494
18.53932584	-0.05	Ya=	-0.91	Za=	-0.06			0.037453184	495
18.57677903	-0.04	Ya=	-1.01	Za=	-0.02			0.037453184	496
18.61423221	-0.05	Ya=	-1.04	Za=	-0.04			0.037453184	497
18.65168539	-0.06	Ya=	-0.9	Za=	-0.04			0.037453184	498
18.68913858	-0.04	Ya=	-1.02	Za=	-0.05			0.037453184	499
18.72659176	-0.05	Ya=	-1.01	Za=	-0.04			0.037453184	500
18.76404494	-0.05	Ya=	-1.08	Za=	-0.07			0.037453184	501
18.80149813	-0.07	Ya=	-0.98	Za=	-0.02			0.037453184	502
18.83895131	-0.04	Ya=	-1.07	Za=	-0.07			0.037453184	503
18.87640449	-0.05	Ya=	-0.82	Za=	-0.07			0.037453184	504
18.91385768	-0.03	Ya=	-1.05	Za=	-0.04			0.037453184	505
18.95131086	-0.03	Ya=	-1.04	Za=	-0.08			0.037453184	506
18.98876404	-0.05	Ya=	-1.01	Za=	-0.1			0.037453184	507
19.02621723	-0.04	Ya=	-1.06	Za=	-0.08			0.037453184	508
19.06367041	-0.02	Ya=	-0.94	Za=	-0.08			0.037453184	509
19.1011236	-0.05	Ya=	-1.03	Za=	-0.13			0.037453184	510
19.13857678	-0.03	Ya=	-1.02	Za=	-0.04			0.037453184	511
19.17602996	-0.02	Ya=	-1.1	Za=	-0.03			0.037453184	512
19.21348315	-0.05	Ya=	-1.18	Za=	-0.04			0.037453184	513
19.25093633	-0.04	Ya=	-0.91	Za=	0			0.037453184	514
19.28838951	-0.04	Ya=	-1.03	Za=	-0.02			0.037453184	515
19.3258427	-0.03	Ya=	-1.01	Za=	-0.08			0.037453184	516
19.36329588	-0.05	Ya=	-0.93	Za=	-0.08			0.037453184	517
19.40074906	-0.04	Ya=	-1.04	Za=	-0.04			0.037453184	518
19.43820225	-0.02	Ya=	-0.89	Za=	-0.05			0.037453184	519
19.47565543	-0.02	Ya=	-1.08	Za=	-0.05			0.037453184	520
19.51310861	-0.07	Ya=	-1.01	Za=	-0.04			0.037453184	521
19.5505618	-0.06	Ya=	-1.01	Za=	-0.05			0.037453184	522
19.58801498	-0.05	Ya=	-1.05	Za=	-0.05			0.037453184	523
19.62546816	-0.03	Ya=	-0.88	Za=	-0.04			0.037453184	524
19.66292135	-0.04	Ya=	-0.96	Za=	-0.07			0.037453184	525
19.70037453	-0.04	Ya=	-1.13	Za=	-0.04			0.037453184	526
19.73782772	-0.08	Ya=	-1.06	Za=	-0.07			0.037453184	527
19.7752809	-0.02	Ya=	-1.11	Za=	-0.02			0.037453184	528
19.81273408	-0.05	Ya=	-1.05	Za=	-0.1			0.037453184	529
19.85018727	-0.01	Ya=	-0.98	Za=	-0.04			0.037453184	530
19.88764045	-0.05	Ya=	-1.04	Za=	-0.08			0.037453184	531
19.92509363	-0.02	Ya=	-1.12	Za=	-0.06			0.037453184	532
19.96254682	-0.05	Ya=	-1	Za=	-0.05			0.037453184	533
20	-0.05	Ya=	-0.99	Za=	-0.07			0.037453184	534
